STATIONS_ID;MESS_DATUM;QN_3;  FX;  FM;QN_4; RSK;RSKF; SDK;SHK_TAG;  NM; VPM;  PM; TMK; UPM; TXK; TNK; TGK;eor
         44;20231112;-999;-999;-999;   10;   0.5;   4;    0.600;   0;  -999;   8.8;    -999;    5.5;   96.00;    8.0;    2.8;   -0.4;eor
         44;20231113;-999;-999;-999;   10;  12.9;   4;    0.200;   0;  -999;   9.3;    -999;    6.5;   94.00;   12.3;    1.3;   -1.4;eor
         44;20231114;-999;-999;-999;   10;   4.2;   4;    0.900;   0;  -999;  11.6;    -999;   11.0;   88.00;   12.9;    8.7;    7.9;eor
         44;20231115;-999;-999;-999;   10;   1.8;   4;    0.200;   0;  -999;  10.8;    -999;    8.9;   95.00;   10.4;    7.3;    5.4;eor
         44;20231116;-999;-999;-999;   10;   0.0;   0;    3.500;   0;  -999;   8.2;    -999;    5.7;   90.00;    9.3;    0.3;   -1.8;eor
         44;20231117;-999;-999;-999;   10;   0.1;   4;    4.300;   0;  -999;   7.2;    -999;    3.1;   95.00;    8.3;   -0.4;   -2.6;eor
         44;20231118;-999;-999;-999;   10;   6.5;   4;    0.000;   0;  -999;   7.7;    -999;    3.4;   97.00;    8.2;   -0.2;   -1.7;eor
         44;20231119;-999;-999;-999;   10;  37.6;   4;    0.500;   0;  -999;  12.4;    -999;   10.6;   96.00;   12.0;    8.3;    8.0;eor
         44;20231120;-999;-999;-999;   10;   5.9;   4;    0.000;   0;  -999;  11.9;    -999;   10.1;   96.00;   11.4;    7.8;    7.1;eor
         44;20231121;-999;-999;-999;   10;   0.0;   0;    0.100;   0;  -999;   9.0;    -999;    6.6;   91.00;    8.4;    1.3;   -1.8;eor
         44;20231122;-999;-999;-999;   10;   0.2;   4;    1.200;   0;  -999;   6.3;    -999;    2.1;   89.00;    5.9;   -1.7;   -3.6;eor
         44;20231123;-999;-999;-999;   10;   6.3;   4;    0.000;   0;  -999;  11.1;    -999;    9.8;   91.00;   12.6;    5.5;    4.1;eor
         44;20231124;-999;-999;-999;   10;   2.5;   4;    2.000;   0;  -999;   7.0;    -999;    3.9;   87.00;    6.3;   -1.1;   -2.6;eor
         44;20231125;-999;-999;-999;   10;   2.0;   4;    4.400;   0;  -999;   6.6;    -999;    2.7;   89.00;    7.1;   -1.0;   -3.4;eor
         44;20231126;-999;-999;-999;   10;   3.7;   4;    1.000;   0;  -999;   7.5;    -999;    3.3;   96.00;    6.3;   -1.2;   -3.5;eor
         44;20231127;-999;-999;-999;   10;  11.7;   4;    0.000;   0;  -999;   7.2;    -999;    3.0;   95.00;    5.0;    0.7;    0.5;eor
         44;20231128;-999;-999;-999;   10;   3.3;   4;    1.800;   0;  -999;   5.2;    -999;   -0.2;   86.00;    1.5;   -2.9;   -4.9;eor
         44;20231129;-999;-999;-999;   10;   0.6;   4;    0.300;   1;  -999;   5.8;    -999;   -0.2;   95.00;    1.2;   -3.5;   -6.8;eor
         44;20231130;-999;-999;-999;   10;   0.0;   0;    0.000;   1;  -999;   5.0;    -999;   -2.6;   99.00;   -2.0;   -3.7;   -6.3;eor
         44;20231201;-999;-999;-999;   10;   0.2;   4;    1.200;   1;  -999;   4.4;    -999;   -3.6;   95.00;   -2.1;   -5.7;   -7.7;eor
         44;20231202;-999;-999;-999;   10;   0.9;   4;    0.000;   1;  -999;   5.2;    -999;   -1.8;   97.00;   -0.3;   -3.4;   -8.9;eor
         44;20231203;-999;-999;-999;   10;   0.7;   4;    0.000;   1;  -999;   5.9;    -999;    0.0;   97.00;    1.0;   -1.3;   -4.1;eor
         44;20231204;-999;-999;-999;   10;   0.7;   4;    0.000;   1;  -999;   5.1;    -999;   -0.1;   84.00;    1.1;   -1.5;   -1.9;eor
         44;20231205;-999;-999;-999;   10;   6.8;   4;    0.000;   3;  -999;   5.8;    -999;   -0.1;   96.00;    0.3;   -0.6;   -0.7;eor
         44;20231206;-999;-999;-999;   10;   1.6;   4;    0.000;   3;  -999;   6.2;    -999;    0.4;   99.00;    1.8;   -0.6;    0.0;eor
         44;20231207;-999;-999;-999;   10;   0.1;   4;    0.200;   2;  -999;   6.4;    -999;    1.1;   97.00;    3.2;   -0.4;   -1.7;eor
         44;20231208;-999;-999;-999;   10;   3.3;   4;    0.000;   2;  -999;   6.3;    -999;    1.2;   95.00;    5.3;    0.0;   -0.5;eor
         44;20231209;-999;-999;-999;   10;   9.4;   4;    2.100;   0;  -999;   9.1;    -999;    6.4;   94.00;    8.5;    4.7;    2.8;eor
         44;20231210;-999;-999;-999;   10;  20.8;   4;    0.000;   0;  -999;   9.9;    -999;    7.8;   93.00;    9.4;    7.0;    5.8;eor
         44;20231211;-999;-999;-999;   10;   7.6;   4;    0.000;   0;  -999;  10.3;    -999;    8.3;   94.00;    9.5;    6.3;    5.4;eor
         44;20231212;-999;-999;-999;   10;   3.3;   4;    0.000;   0;  -999;   8.8;    -999;    5.4;   97.00;    7.1;    1.5;   -1.2;eor
         44;20231213;-999;-999;-999;   10;   0.7;   4;    0.000;   0;  -999;   9.3;    -999;    6.2;   98.00;    7.9;    4.0;    3.7;eor
         44;20231214;-999;-999;-999;   10;   0.7;   4;    0.000;   0;  -999;   7.5;    -999;    3.8;   93.00;    4.9;    2.6;    0.2;eor
         44;20231215;-999;-999;-999;   10;   0.0;   0;    0.000;   0;  -999;   9.3;    -999;    6.5;   95.00;    8.5;    3.8;    3.5;eor
         44;20231216;-999;-999;-999;   10;   0.0;   0;    0.000;   0;  -999;   9.4;    -999;    7.4;   91.00;    9.6;    5.5;    3.7;eor
         44;20231217;-999;-999;-999;   10;   0.0;   0;    0.000;   0;  -999;   9.7;    -999;    8.8;   86.00;   10.1;    6.5;    4.8;eor
         44;20231218;-999;-999;-999;   10;   3.3;   4;    0.000;   0;  -999;   9.2;    -999;    7.0;   92.00;    7.8;    6.2;    5.9;eor
         44;20231219;-999;-999;-999;   10;  15.0;   4;    0.000;   0;  -999;   9.7;    -999;    6.8;   98.00;    8.1;    5.0;    3.5;eor
         44;20231220;-999;-999;-999;   10;   7.2;   4;    1.500;   0;  -999;   8.7;    -999;    6.1;   92.00;    8.6;    4.6;    3.3;eor
         44;20231221;-999;-999;-999;   10;  15.8;   4;    0.000;   0;  -999;   9.6;    -999;    8.0;   88.00;   10.5;    4.7;    2.8;eor
         44;20231222;-999;-999;-999;   10;  15.6;   4;    0.000;   0;  -999;   7.5;    -999;    5.0;   86.00;    6.7;    3.0;    2.0;eor
         44;20231223;-999;-999;-999;   10;  23.2;   4;    0.000;   0;  -999;   8.6;    -999;    5.2;   96.00;    8.9;    3.2;    1.8;eor
         44;20231224;-999;-999;-999;   10;  13.8;   4;    0.000;   0;  -999;  12.2;    -999;   10.6;   95.00;   13.1;    8.7;    8.2;eor
         44;20231225;-999;-999;-999;   10;  10.0;   4;    0.100;   0;  -999;  10.8;    -999;   10.3;   86.00;   12.1;    9.2;    8.2;eor
         44;20231226;-999;-999;-999;   10;   0.8;   4;    0.300;   0;  -999;   8.9;    -999;    7.5;   85.00;    9.5;    3.4;    1.2;eor
         44;20231227;-999;-999;-999;   10;   2.4;   4;    0.000;   0;  -999;   7.8;    -999;    4.3;   93.00;    8.8;    0.3;   -2.1;eor
         44;20231228;-999;-999;-999;   10;   1.9;   4;    0.000;   0;  -999;   9.4;    -999;    9.9;   77.00;   11.1;    7.6;    6.5;eor
         44;20231229;-999;-999;-999;   10;   6.0;   4;    0.500;   0;  -999;   9.5;    -999;    8.4;   86.00;   10.5;    5.4;    4.3;eor
         44;20231230;-999;-999;-999;   10;   0.0;   0;    3.200;   0;  -999;   8.4;    -999;    6.8;   84.00;    8.1;    5.4;    3.4;eor
         44;20231231;-999;-999;-999;   10;   0.4;   4;    0.100;   0;  -999;   8.6;    -999;    7.9;   81.00;   10.2;    6.2;    4.8;eor
         44;20240101;-999;-999;-999;   10;   5.0;   4;    0.200;   0;  -999;   8.5;    -999;    6.9;   85.00;    8.4;    4.2;    1.8;eor
         44;20240102;-999;-999;-999;   10;  26.3;   4;    0.000;   0;  -999;  10.2;    -999;    7.7;   96.00;   11.2;    4.2;    2.3;eor
         44;20240103;-999;-999;-999;   10;   5.4;   4;    0.000;   0;  -999;  10.2;    -999;    8.7;   91.00;   10.1;    6.8;    6.2;eor
         44;20240104;-999;-999;-999;   10;   1.5;   4;    0.900;   0;  -999;   6.8;    -999;    3.4;   87.00;    6.8;    1.5;    1.3;eor
         44;20240105;-999;-999;-999;   10;   8.1;   4;    0.000;   0;  -999;   7.3;    -999;    2.7;   97.00;    4.1;    1.4;    1.3;eor
         44;20240106;-999;-999;-999;   10;   0.0;   0;    0.000;   0;  -999;   6.1;    -999;    0.5;   96.00;    2.4;   -0.9;   -0.9;eor
         44;20240107;-999;-999;-999;   10;   0.0;   0;    3.800;   0;  -999;   4.3;    -999;   -1.4;   78.00;    0.7;   -3.5;   -5.1;eor
         44;20240108;-999;-999;-999;   10;   0.0;   0;    4.400;   0;  -999;   4.0;    -999;   -1.9;   76.00;   -0.4;   -4.0;   -5.2;eor
         44;20240109;-999;-999;-999;   10;   0.0;   0;    7.200;   0;  -999;   3.2;    -999;   -4.2;   72.00;   -1.1;   -6.9;   -8.5;eor
         44;20240110;-999;-999;-999;   10;   0.0;   0;    7.200;   0;  -999;   3.3;    -999;   -4.5;   77.00;   -0.9;   -7.0;   -9.7;eor
         44;20240111;-999;-999;-999;   10;   0.0;   0;    0.000;   0;  -999;   5.1;    -999;   -2.6;   98.00;    0.8;   -7.4;   -9.5;eor
         44;20240112;-999;-999;-999;   10;   0.0;   4;    0.000;   0;  -999;   6.9;    -999;    1.7;  100.00;    3.2;   -1.2;   -1.1;eor
         44;20240113;-999;-999;-999;   10;   0.9;   4;    0.000;   0;  -999;   7.5;    -999;    3.2;   97.00;    4.6;    2.2;    1.7;eor
         44;20240114;-999;-999;-999;   10;   0.8;   4;    0.600;   0;  -999;   7.1;    -999;    2.9;   94.00;    4.5;    1.0;   -0.3;eor
         44;20240115;-999;-999;-999;   10;   2.8;   4;    0.000;   0;  -999;   6.1;    -999;    0.8;   94.00;    1.6;    0.0;   -1.1;eor
         44;20240116;-999;-999;-999;   10;   0.0;   4;    0.000;   2;  -999;   5.3;    -999;   -0.5;   91.00;    0.7;   -2.0;   -4.1;eor
         44;20240117;-999;-999;-999;   10;   0.0;   0;    0.100;   1;  -999;   4.4;    -999;   -1.8;   81.00;   -0.6;   -3.3;   -5.7;eor
         44;20240118;-999;-999;-999;   10;   0.0;   0;    6.200;   1;  -999;   5.0;    -999;   -1.7;   92.00;    2.3;   -5.2;   -8.7;eor
         44;20240119;-999;-999;-999;   10;   0.0;   0;    7.100;   1;  -999;   5.4;    -999;    0.8;   83.00;    3.2;   -1.3;   -2.7;eor
         44;20240120;-999;-999;-999;   10;   0.0;   0;    4.000;   1;  -999;   5.2;    -999;    0.5;   82.00;    2.5;   -0.9;   -2.2;eor
         44;20240121;-999;-999;-999;   10;   1.1;   4;    0.100;   0;  -999;   5.1;    -999;    3.2;   64.00;    6.2;   -0.3;   -2.7;eor
         44;20240122;-999;-999;-999;   10;   5.2;   4;    0.500;   0;  -999;   9.3;    -999;    8.7;   82.00;   11.4;    6.1;    4.9;eor
         44;20240123;-999;-999;-999;   10;   9.9;   4;    0.300;   0;  -999;   8.2;    -999;    7.2;   81.00;   10.7;    6.2;    5.2;eor
         44;20240124;-999;-999;-999;   10;   0.4;   4;    0.000;   0;  -999;   9.5;    -999;   10.1;   76.00;   12.5;    7.4;    5.6;eor
         44;20240125;-999;-999;-999;   10;   0.0;   0;    2.600;   0;  -999;   8.2;    -999;    6.4;   86.00;    8.5;    4.7;    2.2;eor
         44;20240126;-999;-999;-999;   10;   8.0;   4;    0.000;   0;  -999;   9.5;    -999;    7.7;   89.00;   10.6;    3.6;    2.1;eor
         44;20240127;-999;-999;-999;   10;   0.0;   0;    7.500;   0;  -999;   6.9;    -999;    4.0;   85.00;    7.9;    0.0;   -3.3;eor
         44;20240128;-999;-999;-999;   10;   0.0;   0;    8.200;   0;  -999;   5.8;    -999;    3.2;   77.00;    7.8;   -1.0;   -4.1;eor
         44;20240129;-999;-999;-999;   10;   0.0;   0;    6.000;   0;  -999;   6.8;    -999;    5.8;   74.00;   10.9;    0.9;   -2.8;eor
         44;20240130;-999;-999;-999;   10;   0.4;   4;    0.200;   0;  -999;   9.0;    -999;    7.3;   88.00;   11.5;    3.0;   -0.6;eor
         44;20240131;-999;-999;-999;   10;   2.7;   4;    0.000;   0;  -999;   7.1;    -999;    5.5;   79.00;    7.0;    2.4;   -1.4;eor
         44;20240201;-999;-999;-999;   10;   0.0;   0;    5.900;   0;  -999;   8.1;    -999;    5.8;   88.00;    8.1;    3.7;    2.1;eor
         44;20240202;-999;-999;-999;   10;   1.0;   4;    0.000;   0;  -999;   9.0;    -999;    7.0;   89.00;   10.0;    4.9;    4.5;eor
         44;20240203;-999;-999;-999;   10;   1.8;   4;    0.000;   0;  -999;  10.9;    -999;    9.7;   91.00;   11.2;    7.2;    5.6;eor
         44;20240204;-999;-999;-999;   10;   8.4;   4;    0.000;   0;  -999;   9.5;    -999;    8.0;   88.00;   10.8;    6.0;    4.6;eor
         44;20240205;-999;-999;-999;   10;   0.2;   4;    0.000;   0;  -999;  10.1;    -999;    9.5;   85.00;   10.3;    8.4;    7.7;eor
         44;20240206;-999;-999;-999;   10;  15.6;   4;    0.000;   0;  -999;  10.5;    -999;    9.6;   88.00;   11.9;    4.4;    4.0;eor
         44;20240207;-999;-999;-999;   10;   0.2;   4;    1.600;   0;  -999;   6.7;    -999;    3.2;   87.00;    6.4;   -1.4;   -3.8;eor
         44;20240208;-999;-999;-999;   10;  12.0;   4;    0.000;   0;  -999;   6.0;    -999;    0.6;   94.00;    4.0;   -1.8;   -4.2;eor
         44;20240209;-999;-999;-999;   10;   5.0;   4;    0.100;   0;  -999;   9.2;    -999;    5.5;   98.00;   10.9;    1.1;    0.7;eor
         44;20240210;-999;-999;-999;   10;   0.0;   0;    5.100;   0;  -999;  11.3;    -999;    9.5;   95.00;   12.2;    7.0;    2.7;eor
         44;20240211;-999;-999;-999;   10;   5.2;   4;    0.000;   0;  -999;  10.6;    -999;    7.8;  100.00;    8.8;    7.0;    7.0;eor
         44;20240212;-999;-999;-999;   10;   1.0;   4;    0.800;   0;  -999;   9.2;    -999;    6.7;   94.00;    9.0;    4.1;    1.6;eor
         44;20240213;-999;-999;-999;   10;   6.5;   4;    1.500;   0;  -999;   7.9;    -999;    5.8;   86.00;    8.4;    2.9;    1.6;eor
         44;20240214;-999;-999;-999;   10;   2.4;   4;    0.000;   0;  -999;  11.7;    -999;    9.4;   98.00;   11.6;    5.9;    5.0;eor
         44;20240215;-999;-999;-999;   10;   0.8;   4;    0.000;   0;  -999;  13.4;    -999;   11.8;   97.00;   12.5;   10.5;    7.0;eor
         44;20240216;-999;-999;-999;   10;   0.5;   4;    0.000;   0;  -999;  11.8;    -999;   11.4;   87.00;   14.5;    9.2;    7.0;eor
         44;20240217;-999;-999;-999;   10;   0.0;   0;    3.900;   0;  -999;   9.0;    -999;    7.9;   84.00;   10.5;    5.3;    1.6;eor
         44;20240218;-999;-999;-999;   10;  14.1;   4;    0.000;   0;  -999;  10.5;    -999;    8.4;   95.00;   10.0;    6.4;    5.2;eor
         44;20240219;-999;-999;-999;   10;   1.2;   4;    0.500;   0;  -999;  10.4;    -999;    8.2;   96.00;   10.2;    6.5;    6.1;eor
         44;20240220;-999;-999;-999;   10;   1.1;   4;    0.000;   0;  -999;   9.4;    -999;    7.9;   88.00;    9.5;    5.4;    4.4;eor
         44;20240221;-999;-999;-999;   10;   6.1;   4;    0.000;   0;  -999;   9.8;    -999;    8.6;   88.00;   10.1;    7.1;    6.7;eor
         44;20240222;-999;-999;-999;   10;   2.1;   4;    0.400;   0;  -999;  11.1;    -999;   10.1;   90.00;   12.5;    5.9;    5.2;eor
         44;20240223;-999;-999;-999;   10;   0.1;   4;    2.000;   0;  -999;   7.3;    -999;    6.0;   78.00;    8.2;    4.0;    1.9;eor
         44;20240224;-999;-999;-999;   10;   0.5;   4;    1.400;   0;  -999;   7.2;    -999;    4.7;   85.00;    8.6;    2.3;   -1.6;eor
         44;20240225;-999;-999;-999;   10;   2.0;   4;    0.700;   0;  -999;   7.7;    -999;    4.7;   89.00;    7.0;    2.5;   -0.1;eor
         44;20240226;-999;-999;-999;   10;   0.0;   0;    0.500;   0;  -999;   7.5;    -999;    3.8;   93.00;    6.9;    1.5;   -1.6;eor
         44;20240227;-999;-999;-999;   10;   0.0;   0;    0.000;   0;  -999;   6.8;    -999;    2.3;   94.00;    3.9;   -0.7;   -3.5;eor
         44;20240228;-999;-999;-999;   10;   0.0;   0;    0.000;   0;  -999;   7.0;    -999;    2.8;   94.00;    6.6;   -1.7;   -4.2;eor
         44;20240229;-999;-999;-999;   10;   0.0;   0;    1.600;   0;  -999;   7.3;    -999;    7.6;   70.00;   12.8;    3.5;    1.0;eor
         44;20240301;-999;-999;-999;   10;   0.0;   0;    2.800;   0;  -999;   8.3;    -999;    7.9;   78.00;   10.4;    5.8;    3.4;eor
         44;20240302;-999;-999;-999;   10;   0.0;   0;    8.500;   0;  -999;   8.5;    -999;    9.0;   74.00;   13.6;    5.1;    2.3;eor
         44;20240303;-999;-999;-999;   10;   0.0;   0;    8.600;   0;  -999;   9.4;    -999;    9.1;   82.00;   13.9;    4.9;    1.0;eor
         44;20240304;-999;-999;-999;   10;   0.0;   0;    0.000;   0;  -999;   9.9;    -999;    7.3;   96.00;    9.9;    3.6;    0.0;eor
         44;20240305;-999;-999;-999;   10;   8.8;   4;    0.000;   0;  -999;   8.4;    -999;    5.7;   91.00;    8.0;    3.7;    2.8;eor
         44;20240306;-999;-999;-999;   10;   0.0;   0;    3.500;   0;  -999;   7.2;    -999;    5.3;   80.00;    8.9;    2.6;   -0.2;eor
         44;20240307;-999;-999;-999;   10;   0.0;   0;    0.300;   0;  -999;   6.7;    -999;    2.7;   90.00;    5.6;    0.1;   -2.8;eor
         44;20240308;-999;-999;-999;   10;   0.0;   0;   10.300;   0;  -999;   5.7;    -999;    4.0;   71.00;    8.5;   -0.3;   -1.8;eor
         44;20240309;-999;-999;-999;   10;   0.0;   0;   10.200;   0;  -999;   6.4;    -999;    5.0;   74.00;    9.5;    0.7;   -0.9;eor
         44;20240310;-999;-999;-999;   10;   0.0;   0;    3.100;   0;  -999;   7.9;    -999;    6.9;   79.00;   11.5;    2.6;    1.2;eor
         44;20240311;-999;-999;-999;   10;   0.0;   0;    0.200;   0;  -999;   8.9;    -999;    8.2;   81.00;   10.8;    6.3;    5.6;eor
         44;20240312;-999;-999;-999;   10;   0.0;   0;    0.400;   0;  -999;   9.4;    -999;    7.3;   91.00;    9.3;    4.1;   -0.1;eor
         44;20240313;-999;-999;-999;   10;   0.2;   4;    0.000;   0;  -999;  10.3;    -999;    8.0;   95.00;   11.5;    2.0;   -1.6;eor
         44;20240314;-999;-999;-999;   10;   0.0;   0;    7.000;   0;  -999;  11.2;    -999;   12.8;   76.00;   17.6;   10.4;    7.8;eor
         44;20240315;-999;-999;-999;   10;   2.2;   4;    1.300;   0;  -999;  12.0;    -999;   12.7;   82.00;   16.4;   11.1;    7.9;eor
         44;20240316;-999;-999;-999;   10;   0.3;   4;    3.900;   0;  -999;   8.7;    -999;    8.1;   80.00;   11.7;    1.3;   -2.2;eor
         44;20240317;-999;-999;-999;   10;   0.0;   4;    6.700;   0;  -999;   7.4;    -999;    6.2;   79.00;   11.5;   -0.5;   -3.5;eor
         44;20240318;-999;-999;-999;   10;   0.0;   0;    0.000;   0;  -999;   8.6;    -999;    7.9;   79.00;   10.5;    5.3;    1.4;eor
         44;20240319;-999;-999;-999;   10;   0.0;   0;    2.000;   0;  -999;   9.9;    -999;   10.0;   82.00;   16.2;    4.2;    1.8;eor
         44;20240320;-999;-999;-999;   10;   0.2;   4;    1.800;   0;  -999;  11.5;    -999;   12.1;   82.00;   16.6;    7.4;    5.0;eor
         44;20240321;-999;-999;-999;   10;   0.0;   0;    0.300;   0;  -999;  10.1;    -999;    9.3;   86.00;   10.9;    7.0;    6.7;eor
         44;20240322;-999;-999;-999;   10;   2.5;   4;    0.000;   0;  -999;  10.8;    -999;    9.3;   92.00;   10.7;    5.9;    4.6;eor
         44;20240323;-999;-999;-999;   10;   2.8;   4;    5.900;   0;  -999;   7.8;    -999;    5.6;   86.00;    8.5;    3.7;    2.0;eor
         44;20240324;-999;-999;-999;   10;  10.4;   4;    0.900;   0;  -999;   8.0;    -999;    5.4;   89.00;    8.0;    3.4;    2.6;eor
         44;20240325;-999;-999;-999;   10;   0.1;   4;    5.800;   0;  -999;   7.6;    -999;    6.3;   80.00;   10.5;    3.2;   -0.4;eor
         44;20240326;-999;-999;-999;   10;   0.0;   0;    4.000;   0;  -999;   7.3;    -999;    6.8;   74.00;   10.8;    2.3;    0.0;eor
         44;20240327;-999;-999;-999;   10;  13.8;   4;    3.300;   0;  -999;   9.4;    -999;    9.9;   78.00;   15.1;    5.0;    1.6;eor
         44;20240328;-999;-999;-999;   10;   3.6;   4;    2.000;   0;  -999;   9.2;    -999;    7.9;   87.00;   11.9;    5.9;    5.4;eor
         44;20240329;-999;-999;-999;   10;   0.7;   4;    2.500;   0;  -999;   9.5;    -999;   10.0;   78.00;   14.9;    6.6;    4.4;eor
         44;20240330;-999;-999;-999;   10;   0.0;   0;    2.400;   0;  -999;  10.9;    -999;   13.0;   75.00;   19.3;    8.5;    6.7;eor
         44;20240331;-999;-999;-999;   10;   3.8;   4;    3.800;   0;  -999;  11.3;    -999;   10.4;   89.00;   14.4;    7.0;    4.4;eor
         44;20240401;-999;-999;-999;   10;  10.5;   4;    0.000;   0;  -999;  11.3;    -999;    9.6;   94.00;   11.4;    8.2;    6.0;eor
         44;20240402;-999;-999;-999;   10;   0.3;   4;    3.300;   0;  -999;  10.2;    -999;    9.9;   83.00;   12.5;    7.5;    5.6;eor
         44;20240403;-999;-999;-999;   10;   6.9;   4;    0.100;   0;  -999;  11.7;    -999;   10.2;   93.00;   12.4;    8.2;    7.8;eor
         44;20240404;-999;-999;-999;   10;   5.3;   4;    1.800;   0;  -999;  11.2;    -999;   11.3;   83.00;   15.2;    8.2;    6.2;eor
         44;20240405;-999;-999;-999;   10;   4.0;   4;    2.100;   0;  -999;  12.5;    -999;   13.0;   84.00;   16.4;   10.3;    6.5;eor
         44;20240406;-999;-999;-999;   10;   0.1;   4;    6.300;   0;  -999;  13.7;    -999;   17.5;   71.00;   23.6;   10.3;    7.2;eor
         44;20240407;-999;-999;-999;   10;   4.1;   4;    8.700;   0;  -999;  12.0;    -999;   17.3;   62.00;   21.4;   13.0;    8.7;eor
         44;20240408;-999;-999;-999;   10;   0.0;   0;    1.900;   0;  -999;  14.8;    -999;   14.7;   89.00;   18.7;   12.2;    8.9;eor
         44;20240409;-999;-999;-999;   10;   3.4;   4;    0.000;   0;  -999;  12.1;    -999;   12.9;   80.00;   16.2;    9.3;    7.8;eor
         44;20240410;-999;-999;-999;   10;   0.0;   0;    5.000;   0;  -999;   8.9;    -999;   10.7;   70.00;   14.6;    6.3;    2.0;eor
         44;20240411;-999;-999;-999;   10;   1.5;   4;    0.100;   0;  -999;  11.6;    -999;   12.1;   81.00;   14.7;    8.2;    4.3;eor
         44;20240412;-999;-999;-999;   10;   0.0;   0;    5.300;   0;  -999;  13.3;    -999;   15.3;   78.00;   19.7;   12.7;    9.1;eor
         44;20240413;-999;-999;-999;   10;   0.0;   0;    8.200;   0;  -999;  13.7;    -999;   17.0;   71.00;   22.2;   12.6;   10.5;eor
         44;20240414;-999;-999;-999;   10;   0.0;   0;    8.200;   0;  -999;   8.4;    -999;   11.6;   62.00;   15.3;    6.2;    4.4;eor
         44;20240415;-999;-999;-999;   10;   5.0;   4;    3.200;   0;  -999;   8.6;    -999;    7.6;   83.00;   13.4;    4.1;    1.7;eor
         44;20240416;-999;-999;-999;   10;   0.3;   4;    1.500;   0;  -999;   8.2;    -999;    6.9;   83.00;   10.7;    3.8;    0.8;eor
         44;20240417;-999;-999;-999;   10;   2.7;   4;    3.100;   0;  -999;   7.8;    -999;    5.6;   86.00;   10.6;    1.2;   -1.4;eor
         44;20240418;-999;-999;-999;   10;   4.7;   4;    5.200;   0;  -999;   7.5;    -999;    6.8;   76.00;   12.2;    0.8;   -0.9;eor
         44;20240419;-999;-999;-999;   10;   5.8;   4;    3.000;   0;  -999;   8.8;    -999;    7.1;   87.00;   10.8;    4.0;    1.7;eor
         44;20240420;-999;-999;-999;   10;   5.5;   4;    0.900;   0;  -999;   7.7;    -999;    5.9;   83.00;    9.8;    1.4;   -0.8;eor
         44;20240421;-999;-999;-999;   10;   0.0;   0;    8.500;   0;  -999;   6.7;    -999;    5.4;   77.00;   10.6;    0.5;   -1.4;eor
         44;20240422;-999;-999;-999;   10;   0.3;   4;    3.100;   0;  -999;   6.3;    -999;    4.4;   77.00;    9.0;    0.4;   -2.2;eor
         44;20240423;-999;-999;-999;   10;   1.3;   4;    6.800;   0;  -999;   5.9;    -999;    4.7;   73.00;   10.4;   -1.8;   -4.9;eor
         44;20240424;-999;-999;-999;   10;   6.4;   4;    1.300;   0;  -999;   7.8;    -999;    4.5;   92.00;    7.8;    2.0;   -0.1;eor
         44;20240425;-999;-999;-999;   10;   5.4;   4;    2.500;   0;  -999;   7.4;    -999;    5.7;   82.00;   10.6;    1.7;   -0.7;eor
         44;20240426;-999;-999;-999;   10;   0.3;   4;    4.800;   0;  -999;   8.4;    -999;    7.8;   81.00;   12.8;    4.8;    2.4;eor
         44;20240427;-999;-999;-999;   10;   0.1;   4;    8.500;   0;  -999;  10.9;    -999;   12.0;   78.00;   17.9;    4.5;    0.7;eor
         44;20240428;-999;-999;-999;   10;   0.0;   0;    4.400;   0;  -999;  10.4;    -999;   15.4;   61.00;   21.9;    8.2;    3.4;eor
         44;20240429;-999;-999;-999;   10;   0.0;   0;    7.600;   0;  -999;  10.1;    -999;   13.7;   67.00;   19.7;    5.3;    1.2;eor
         44;20240430;-999;-999;-999;   10;   0.0;   0;   11.500;   0;  -999;  14.1;    -999;   18.4;   68.00;   25.7;   11.9;    9.1;eor
         44;20240501;-999;-999;-999;   10;   0.0;   0;   12.700;-999;  -999;  14.1;    -999;   20.1;   63.00;   27.4;   12.6;   10.2;eor
         44;20240502;-999;-999;-999;   10;   0.0;   0;   13.700;-999;  -999;  13.4;    -999;   20.4;   57.00;   26.8;   14.3;   10.7;eor
         44;20240503;-999;-999;-999;   10;   0.0;   4;    0.000;-999;  -999;  13.4;    -999;   14.4;   81.00;   18.1;    7.9;    5.2;eor
         44;20240504;-999;-999;-999;   10;   6.8;   4;    6.300;-999;  -999;  -999;    -999;   12.7;-999;   19.3;    6.9;    4.5;eor
         44;20240505;-999;-999;-999;   10;   0.4;   4;    1.800;-999;  -999;  11.8;    -999;   11.3;   88.00;   14.6;    6.9;    2.7;eor
         44;20240506;-999;-999;-999;   10;   0.0;   0;   10.800;-999;  -999;  10.6;    -999;   12.5;   76.00;   19.8;    4.8;    1.1;eor
         44;20240507;-999;-999;-999;   10;   0.0;   0;    4.400;-999;  -999;  12.1;    -999;   13.2;   81.00;   18.2;    8.5;    4.2;eor
         44;20240508;-999;-999;-999;   10;   0.0;   0;    9.700;-999;  -999;  10.4;    -999;   13.1;   73.00;   21.2;    6.8;    3.9;eor
         44;20240509;-999;-999;-999;   10;   0.0;   0;    7.500;-999;  -999;  12.0;    -999;   13.7;   79.00;   20.9;    7.1;    4.0;eor
         44;20240510;-999;-999;-999;   10;   0.0;   0;   13.300;-999;  -999;  12.5;    -999;   14.4;   78.00;   22.5;    7.5;    3.4;eor
         44;20240511;-999;-999;-999;   10;   0.0;   0;   12.200;-999;  -999;  10.6;    -999;   15.8;   62.00;   22.4;   10.6;    8.4;eor
         44;20240512;-999;-999;-999;   10;   0.0;   0;   14.300;-999;  -999;  11.4;    -999;   17.0;   61.00;   23.0;   10.3;    6.2;eor
         44;20240513;-999;-999;-999;   10;   0.0;   0;   13.600;-999;  -999;  12.0;    -999;   20.1;   52.00;   27.6;   11.8;    9.4;eor
         44;20240514;-999;-999;-999;   10;   0.0;   0;   14.600;-999;  -999;  10.4;    -999;   21.1;   43.00;   27.7;   13.4;    9.6;eor
         44;20240515;-999;-999;-999;   10;   0.0;   0;   12.400;-999;  -999;   9.3;    -999;   21.3;   38.00;   27.8;   14.6;   11.0;eor
         44;20240516;-999;-999;-999;   10;   1.7;   4;    8.700;-999;  -999;  12.7;    -999;   19.2;   58.00;   25.1;   15.3;   13.0;eor
         44;20240517;-999;-999;-999;   10;   0.0;   0;    7.500;-999;  -999;  12.0;    -999;   19.9;   53.00;   26.0;   13.1;    7.8;eor
         44;20240518;-999;-999;-999;   10;   0.0;   0;    6.000;-999;  -999;  11.2;    -999;   17.8;   57.00;   23.9;   11.9;    6.9;eor
         44;20240519;-999;-999;-999;   10;  16.5;   4;    2.700;-999;  -999;  14.1;    -999;   15.4;   82.00;   23.0;   11.6;    6.3;eor
         44;20240520;-999;-999;-999;   10;   4.3;   4;    6.200;-999;  -999;  15.4;    -999;   16.0;   86.00;   22.6;   11.7;    8.8;eor
         44;20240521;-999;-999;-999;   10;   3.8;   4;    9.900;-999;  -999;  16.4;    -999;   18.9;   77.00;   24.7;   12.7;    9.9;eor
         44;20240522;-999;-999;-999;   10;   1.8;   4;    0.000;-999;  -999;  16.4;    -999;   16.2;   89.00;   18.1;   13.3;   12.0;eor
         44;20240523;-999;-999;-999;   10;   0.0;   0;    7.200;-999;  -999;  13.8;    -999;   15.6;   79.00;   19.8;   11.3;    8.3;eor
         44;20240524;-999;-999;-999;   10;  23.6;   4;    9.500;-999;  -999;  14.4;    -999;   16.5;   80.00;   23.8;   10.0;    6.7;eor
         44;20240525;-999;-999;-999;   10;   5.0;   4;    5.200;-999;  -999;  16.3;    -999;   16.7;   87.00;   22.4;   13.0;   10.5;eor
         44;20240526;-999;-999;-999;   10;   0.1;   4;   10.200;-999;  -999;  14.8;    -999;   18.3;   72.00;   24.0;   11.2;    8.6;eor
         44;20240527;-999;-999;-999;   10;  11.6;   4;    5.800;-999;  -999;  14.1;    -999;   17.0;   75.00;   22.2;   12.7;   11.6;eor
         44;20240528;-999;-999;-999;   10;   9.3;   4;    6.900;-999;  -999;  12.6;    -999;   14.8;   77.00;   19.6;   10.6;   10.4;eor
         44;20240529;-999;-999;-999;   10;   7.9;   4;    2.800;-999;  -999;  15.3;    -999;   14.6;   92.00;   17.9;   11.7;    8.8;eor
         44;20240530;-999;-999;-999;   10;   4.0;   4;    8.300;-999;  -999;  14.3;    -999;   15.0;   85.00;   20.6;    9.8;    7.0;eor
         44;20240531;-999;-999;-999;   10;   1.5;   4;    2.300;-999;  -999;  15.7;    -999;   15.6;   89.00;   19.2;   12.6;   12.3;eor
         44;20240601;-999;-999;-999;   10;   0.0;   0;    8.500;-999;  -999;  18.1;    -999;   18.9;   84.00;   23.9;   14.9;   14.6;eor
         44;20240602;-999;-999;-999;   10;   0.0;   0;    0.700;-999;  -999;  13.2;    -999;   14.5;   80.00;   16.7;   12.3;   11.9;eor
         44;20240603;-999;-999;-999;   10;   0.1;   4;    0.500;-999;  -999;  12.5;    -999;   13.9;   78.00;   17.9;   11.7;   11.2;eor
         44;20240604;-999;-999;-999;   10;   2.1;   4;    1.200;-999;  -999;  14.8;    -999;   16.2;   81.00;   20.1;   13.5;   12.9;eor
         44;20240605;-999;-999;-999;   10;   0.0;   0;    7.800;-999;  -999;  10.9;    -999;   13.8;   70.00;   18.0;    6.7;    2.5;eor
         44;20240606;-999;-999;-999;   10;   0.0;   0;    8.300;-999;  -999;   9.4;    -999;   12.8;   66.00;   18.8;    6.4;    3.0;eor
         44;20240607;-999;-999;-999;   10;   0.0;   0;    5.200;-999;  -999;  10.8;    -999;   12.8;   75.00;   19.9;    6.1;    2.2;eor
         44;20240608;-999;-999;-999;   10;   1.1;   4;    6.100;-999;  -999;  11.7;    -999;   13.6;   77.00;   20.2;    8.5;    4.6;eor
         44;20240609;-999;-999;-999;   10;   0.0;   0;    7.200;-999;  -999;  10.1;    -999;   12.3;   73.00;   18.1;    6.8;    3.7;eor
         44;20240610;-999;-999;-999;   10;  20.8;   4;    0.300;-999;  -999;  12.2;    -999;   11.1;   92.00;   13.5;    8.9;    5.9;eor
         44;20240611;-999;-999;-999;   10;   1.3;   4;    5.800;-999;  -999;  11.1;    -999;   11.2;   84.00;   14.7;    8.4;    7.9;eor
         44;20240612;-999;-999;-999;   10;   2.7;   4;    5.800;-999;  -999;  10.8;    -999;   10.8;   84.00;   14.6;    7.4;    5.3;eor
         44;20240613;-999;-999;-999;   10;   0.0;   0;    2.300;-999;  -999;  10.8;    -999;   12.3;   77.00;   17.5;    6.5;    3.1;eor
         44;20240614;-999;-999;-999;   10;   0.7;   4;    1.800;-999;  -999;  12.7;    -999;   16.1;   69.00;   19.5;   12.4;    9.9;eor
         44;20240615;-999;-999;-999;   10;   4.0;   4;    3.700;-999;  -999;  -999;    -999;   15.0;-999;   18.9;   13.5;    9.6;eor
         44;20240616;-999;-999;-999;   10;   7.0;   4;    4.100;-999;  -999;  13.4;    -999;   15.0;   79.00;   20.5;   11.5;    8.7;eor
         44;20240617;-999;-999;-999;   10;   1.6;   4;    6.800;-999;  -999;  15.1;    -999;   16.4;   82.00;   21.5;   11.1;    8.3;eor
         44;20240618;-999;-999;-999;   10;  14.0;   4;    1.700;-999;  -999;  16.0;    -999;   15.8;   90.00;   20.5;   11.5;    8.7;eor
         44;20240619;-999;-999;-999;   10;   0.0;   0;    5.900;-999;  -999;  13.5;    -999;   15.1;   80.00;   19.7;    8.9;    6.2;eor
         44;20240620;-999;-999;-999;   10;   0.0;   0;   11.000;-999;  -999;  12.9;    -999;   15.7;   74.00;   22.2;    7.2;    4.6;eor
         44;20240621;-999;-999;-999;   10;   2.6;   4;    0.300;-999;  -999;  18.2;    -999;   17.9;   88.00;   22.1;   14.6;   13.7;eor
         44;20240622;-999;-999;-999;   10;   0.6;   4;    4.100;-999;  -999;  15.8;    -999;   16.5;   84.00;   21.9;   11.4;    8.8;eor
         44;20240623;-999;-999;-999;   10;   0.0;   0;   11.400;-999;  -999;  14.9;    -999;   17.4;   77.00;   24.2;   10.6;    8.5;eor
         44;20240624;-999;-999;-999;   10;   0.0;   0;   13.600;-999;  -999;  15.7;    -999;   18.4;   76.00;   25.4;   10.8;    8.1;eor
         44;20240625;-999;-999;-999;   10;   0.0;   0;   15.300;-999;  -999;  16.9;    -999;   21.2;   70.00;   27.5;   13.0;   10.1;eor
         44;20240626;-999;-999;-999;   10;   0.0;   0;   15.300;-999;  -999;  18.9;    -999;   23.2;   69.00;   30.4;   15.6;   11.7;eor
         44;20240627;-999;-999;-999;   10;   0.3;   4;   11.100;-999;  -999;  22.4;    -999;   23.6;   78.00;   30.4;   17.7;   14.6;eor
         44;20240628;-999;-999;-999;   10;   0.0;   0;   10.400;-999;  -999;  15.0;    -999;   19.1;   68.00;   22.5;   11.4;    7.9;eor
         44;20240629;-999;-999;-999;   10;  21.6;   4;   12.500;-999;  -999;  15.4;    -999;   19.2;   72.00;   26.3;   10.5;    6.9;eor
         44;20240630;-999;-999;-999;   10;  13.6;   4;    2.700;-999;  -999;  17.3;    -999;   17.4;   87.00;   22.6;   14.8;   14.2;eor
         44;20240701;-999;-999;-999;   10;  12.7;   4;    1.600;-999;  -999;  15.5;    -999;   14.6;   93.00;   18.3;   13.3;   13.0;eor
         44;20240702;-999;-999;-999;   10;   4.9;   4;    0.400;-999;  -999;  14.5;    -999;   13.6;   94.00;   17.1;   11.4;   11.0;eor
         44;20240703;-999;-999;-999;   10;   9.2;   4;    2.600;-999;  -999;  13.0;    -999;   12.9;   88.00;   15.9;   10.1;    7.9;eor
         44;20240704;-999;-999;-999;   10;   1.9;   4;    6.800;-999;  -999;  12.3;    -999;   14.6;   76.00;   19.1;    9.1;    5.9;eor
         44;20240705;-999;-999;-999;   10;   0.6;   4;    1.700;-999;  -999;  13.6;    -999;   14.6;   81.00;   18.0;    9.5;    6.2;eor
         44;20240706;-999;-999;-999;   10;   0.9;   4;    7.300;-999;  -999;  14.7;    -999;   18.3;   70.00;   24.7;   11.5;    9.4;eor
         44;20240707;-999;-999;-999;   10;   0.0;   0;    8.300;-999;  -999;  12.4;    -999;   15.3;   73.00;   20.4;   10.8;    8.3;eor
         44;20240708;-999;-999;-999;   10;   0.0;   0;    9.700;-999;  -999;  14.2;    -999;   17.4;   73.00;   23.7;   11.6;    9.2;eor
         44;20240709;-999;-999;-999;   10;   3.4;   4;   11.800;-999;  -999;  18.0;    -999;   22.3;   68.00;   28.6;   15.5;   14.2;eor
         44;20240710;-999;-999;-999;   10;   1.6;   4;    4.900;-999;  -999;  19.8;    -999;   19.8;   87.00;   26.0;   14.7;   12.8;eor
         44;20240711;-999;-999;-999;   10;   0.0;   0;    8.800;-999;  -999;  15.8;    -999;   17.9;   79.00;   23.6;   12.2;    9.8;eor
         44;20240712;-999;-999;-999;   10;  10.5;   4;    3.100;-999;  -999;  16.3;    -999;   15.3;   93.00;   19.5;   11.2;    8.0;eor
         44;20240713;-999;-999;-999;   10;   0.6;   4;    2.100;-999;  -999;  15.1;    -999;   14.7;   90.00;   18.8;   12.1;    9.8;eor
         44;20240714;-999;-999;-999;   10;   0.0;   0;   11.300;-999;  -999;  13.7;    -999;   16.3;   76.00;   22.4;   10.1;    7.5;eor
         44;20240715;-999;-999;-999;   10;   0.3;   4;   11.400;-999;  -999;  14.9;    -999;   18.7;   71.00;   25.8;   10.9;    7.1;eor
         44;20240716;-999;-999;-999;   10;   0.7;   4;    8.800;-999;  -999;  17.1;    -999;   19.7;   75.00;   23.5;   15.8;   14.2;eor
         44;20240717;-999;-999;-999;   10;   1.0;   4;    2.400;-999;  -999;  16.8;    -999;   17.1;   87.00;   21.1;   11.8;    9.0;eor
         44;20240718;-999;-999;-999;   10;   0.0;   0;   12.000;-999;  -999;  17.0;    -999;   18.7;   81.00;   26.3;   10.6;    7.9;eor
         44;20240719;-999;-999;-999;   10;   0.0;   0;   10.100;-999;  -999;  18.0;    -999;   20.9;   76.00;   27.4;   12.9;    9.6;eor
         44;20240720;-999;-999;-999;   10;   0.0;   0;   13.300;-999;  -999;  18.6;    -999;   22.8;   70.00;   29.7;   14.2;   10.9;eor
         44;20240721;-999;-999;-999;   10;   8.1;   4;    7.100;-999;  -999;  21.9;    -999;   22.1;   84.00;   30.3;   17.0;   14.4;eor
         44;20240722;-999;-999;-999;   10;   0.0;   0;    5.500;-999;  -999;  17.4;    -999;   18.8;   82.00;   23.0;   15.6;   14.8;eor
         44;20240723;-999;-999;-999;   10;   9.1;   4;    5.000;-999;  -999;  18.8;    -999;   18.8;   87.00;   23.5;   15.2;   14.4;eor
         44;20240724;-999;-999;-999;   10;   0.0;   4;    8.800;-999;  -999;  15.2;    -999;   16.8;   81.00;   21.7;    9.3;    5.6;eor
         44;20240725;-999;-999;-999;   10;   2.0;   4;    8.200;-999;  -999;  14.6;    -999;   17.2;   76.00;   24.2;    7.5;    4.1;eor
         44;20240726;-999;-999;-999;   10;   1.9;   4;    2.500;-999;  -999;  18.7;    -999;   18.2;   90.00;   23.1;   13.4;   11.4;eor
         44;20240727;-999;-999;-999;   10;   2.7;   4;    5.400;-999;  -999;  17.3;    -999;   18.3;   84.00;   24.2;   11.7;    9.1;eor
         44;20240728;-999;-999;-999;   10;   0.0;   0;   11.800;-999;  -999;  15.8;    -999;   17.8;   79.00;   23.5;   10.4;    6.7;eor
         44;20240729;-999;-999;-999;   10;   0.0;   0;   14.400;-999;  -999;  13.9;    -999;   17.3;   75.00;   24.9;    8.2;    5.1;eor
         44;20240730;-999;-999;-999;   10;   0.0;   0;   12.900;-999;  -999;  16.7;    -999;   20.9;   71.00;   30.6;   11.2;    8.4;eor
         44;20240731;-999;-999;-999;   10;   0.0;   0;   14.200;-999;  -999;  16.9;    -999;   20.1;   75.00;   28.1;   13.6;   10.8;eor
         44;20240801;-999;-999;-999;   10;   0.3;   4;   10.800;-999;  -999;  15.8;    -999;   18.1;   77.00;   25.2;   11.9;    8.7;eor
         44;20240802;-999;-999;-999;   10;   0.0;   0;   10.900;-999;  -999;  15.8;    -999;   18.8;   76.00;   25.4;   13.0;    9.5;eor
         44;20240803;-999;-999;-999;   10;   7.4;   4;    4.900;-999;  -999;  18.6;    -999;   18.5;   87.00;   26.2;   11.0;    8.2;eor
         44;20240804;-999;-999;-999;   10;   0.0;   0;    7.500;-999;  -999;  16.2;    -999;   17.6;   82.00;   21.7;   11.8;    9.1;eor
         44;20240805;-999;-999;-999;   10;   0.0;   0;    5.800;-999;  -999;  16.3;    -999;   18.5;   79.00;   24.5;   13.0;   11.5;eor
         44;20240806;-999;-999;-999;   10;   0.0;   0;   12.100;-999;  -999;  18.5;    -999;   21.0;   77.00;   28.7;   12.5;    9.8;eor
         44;20240807;-999;-999;-999;   10;   4.0;   4;    4.500;-999;  -999;  19.7;    -999;   18.9;   90.00;   25.2;   11.8;    9.1;eor
         44;20240808;-999;-999;-999;   10;   0.1;   4;    4.500;-999;  -999;  16.3;    -999;   17.4;   84.00;   23.3;   11.5;    8.8;eor
         44;20240809;-999;-999;-999;   10;   0.5;   4;    3.100;-999;  -999;  18.0;    -999;   19.0;   82.00;   24.3;   11.4;    7.9;eor
         44;20240810;-999;-999;-999;   10;   0.0;   0;    8.000;-999;  -999;  16.0;    -999;   18.6;   77.00;   24.1;   11.1;    7.8;eor
         44;20240811;-999;-999;-999;   10;   0.0;   0;   11.100;-999;  -999;  16.0;    -999;   18.6;   77.00;   26.6;   11.8;    8.3;eor
         44;20240812;-999;-999;-999;   10;   0.0;   0;   13.700;-999;  -999;  16.5;    -999;   20.5;   71.00;   28.4;   10.6;    6.9;eor
         44;20240813;-999;-999;-999;   10;  43.5;   4;   12.300;-999;  -999;  22.6;    -999;   24.9;   72.00;   33.2;   17.1;   15.4;eor
         44;20240814;-999;-999;-999;   10;   1.5;   4;    1.800;-999;  -999;  23.0;    -999;   21.5;   90.00;   25.2;   19.0;   18.4;eor
         44;20240815;-999;-999;-999;   10;   0.0;   4;    7.400;-999;  -999;  21.3;    -999;   21.3;   85.00;   25.6;   17.6;   14.4;eor
         44;20240816;-999;-999;-999;   10;   5.8;   4;    1.300;-999;  -999;  20.3;    -999;   19.3;   90.00;   23.0;   16.9;   14.4;eor
         44;20240817;-999;-999;-999;   10;   0.4;   4;    3.000;-999;  -999;  18.0;    -999;   17.8;   89.00;   22.6;   12.7;   10.6;eor
         44;20240818;-999;-999;-999;   10;   0.7;   4;    1.900;-999;  -999;  16.3;    -999;   16.6;   87.00;   22.2;   12.8;   11.0;eor
         44;20240819;-999;-999;-999;   10;   0.0;   0;    9.900;-999;  -999;  14.3;    -999;   16.7;   78.00;   23.4;   11.2;    8.6;eor
         44;20240820;-999;-999;-999;   10;   1.4;   4;    7.800;-999;  -999;  16.9;    -999;   18.7;   80.00;   26.0;   12.1;    9.3;eor
         44;20240821;-999;-999;-999;   10;   0.4;   4;    6.900;-999;  -999;  14.0;    -999;   15.9;   78.00;   19.9;   11.4;    8.4;eor
         44;20240822;-999;-999;-999;   10;   0.0;   0;    3.400;-999;  -999;  14.0;    -999;   17.8;   69.00;   23.2;   12.5;   10.9;eor
         44;20240823;-999;-999;-999;   10;   1.7;   4;    5.500;-999;  -999;  16.8;    -999;   19.5;   75.00;   24.5;   13.8;   11.5;eor
         44;20240824;-999;-999;-999;   10;   4.9;   4;    8.800;-999;  -999;  19.7;    -999;   21.1;   81.00;   29.3;   15.8;   13.7;eor
         44;20240825;-999;-999;-999;   10;   0.0;   0;    8.300;-999;  -999;  14.4;    -999;   16.4;   79.00;   21.4;   10.9;    8.4;eor
         44;20240826;-999;-999;-999;   10;   0.0;   0;    9.500;-999;  -999;  14.0;    -999;   16.1;   78.00;   22.1;    9.8;    6.6;eor
         44;20240827;-999;-999;-999;   10;   0.0;   0;   12.600;-999;  -999;  14.7;    -999;   17.5;   77.00;   25.3;    9.8;    7.1;eor
         44;20240828;-999;-999;-999;   10;   0.0;   0;   12.800;-999;  -999;  17.7;    -999;   20.4;   76.00;   28.5;   11.7;    7.8;eor
         44;20240829;-999;-999;-999;   10;   2.3;   4;   10.600;-999;  -999;  20.0;    -999;   22.3;   77.00;   30.9;   16.1;   12.9;eor
         44;20240830;-999;-999;-999;   10;   0.1;   4;    2.800;-999;  -999;  16.2;    -999;   16.8;   85.00;   21.8;   10.8;    6.9;eor
         44;20240831;-999;-999;-999;   10;   0.0;   0;    4.800;-999;  -999;  13.8;    -999;   15.7;   79.00;   21.5;   10.4;    6.7;eor
         44;20240901;-999;-999;-999;   10;   0.0;   0;   12.100;-999;  -999;  15.7;    -999;   19.6;   69.00;   25.8;   13.6;   12.6;eor
         44;20240902;-999;-999;-999;   10;   0.0;   0;   11.600;-999;  -999;  17.8;    -999;   20.6;   74.00;   27.2;   14.6;   13.0;eor
         44;20240903;-999;-999;-999;   10;   0.6;   4;    7.800;-999;  -999;  20.6;    -999;   21.5;   82.00;   28.1;   16.5;   14.9;eor
         44;20240904;-999;-999;-999;   10;  30.4;   4;    0.800;-999;  -999;  21.4;    -999;   19.1;   97.00;   23.7;   17.3;   15.6;eor
         44;20240905;-999;-999;-999;   10;   0.0;   0;   11.500;-999;  -999;  18.4;    -999;   23.0;   69.00;   29.9;   17.2;   16.2;eor
         44;20240906;-999;-999;-999;   10;   0.0;   0;    7.400;-999;  -999;  16.3;    -999;   21.8;   62.00;   26.8;   17.5;   13.7;eor
         44;20240907;-999;-999;-999;   10;   0.0;   0;    8.300;-999;  -999;  19.3;    -999;   20.9;   78.00;   28.2;   14.5;   12.3;eor
         44;20240908;-999;-999;-999;   10;   2.2;   4;    3.800;-999;  -999;  18.8;    -999;   19.2;   86.00;   25.9;   15.4;   12.7;eor
         44;20240909;-999;-999;-999;   10;   3.1;   4;    4.900;-999;  -999;  16.2;    -999;   17.5;   82.00;   22.9;   12.7;   11.4;eor
         44;20240910;-999;-999;-999;   10;  18.4;   4;    1.000;-999;  -999;  13.5;    -999;   13.8;   86.00;   17.9;   10.4;    8.6;eor
         44;20240911;-999;-999;-999;   10;   2.2;   4;    5.800;-999;  -999;  11.4;    -999;   10.5;   90.00;   15.6;    6.8;    4.7;eor
         44;20240912;-999;-999;-999;   10;   3.0;   4;    5.700;-999;  -999;  10.6;    -999;    9.2;   91.00;   15.9;    5.8;    3.8;eor
         44;20240913;-999;-999;-999;   10;   0.1;   4;    5.000;-999;  -999;  10.9;    -999;   10.4;   87.00;   17.1;    4.5;    2.0;eor
         44;20240914;-999;-999;-999;   10;   0.0;   0;    7.000;-999;  -999;  10.7;    -999;   11.7;   80.00;   17.5;    7.2;    3.9;eor
         44;20240915;-999;-999;-999;   10;   0.0;   0;    4.100;-999;  -999;  12.7;    -999;   13.2;   83.00;   17.5;    6.6;    4.0;eor
         44;20240916;-999;-999;-999;   10;   0.0;   0;    7.200;-999;  -999;  15.6;    -999;   16.1;   86.00;   22.2;   10.8;    8.4;eor
         44;20240917;-999;-999;-999;   10;   0.0;   0;    5.100;-999;  -999;  15.4;    -999;   15.4;   89.00;   20.4;   11.3;    7.7;eor
         44;20240918;-999;-999;-999;   10;   0.0;   0;    6.300;-999;  -999;  16.3;    -999;   16.2;   89.00;   22.4;   11.3;    8.2;eor
         44;20240919;-999;-999;-999;   10;   0.1;   4;    4.400;-999;  -999;  16.5;    -999;   16.1;   91.00;   20.2;   13.2;   10.5;eor
         44;20240920;-999;-999;-999;   10;   0.0;   0;   11.000;-999;  -999;  14.1;    -999;   17.1;   74.00;   23.1;   11.9;    7.4;eor
         44;20240921;-999;-999;-999;   10;   0.0;   0;   11.100;-999;  -999;  13.1;    -999;   15.9;   74.00;   23.2;    9.5;    5.6;eor
         44;20240922;-999;-999;-999;   10;   0.0;   0;   11.200;-999;  -999;  -999;    -999;   15.5;-999;   24.2;    9.8;    5.5;eor
         44;20240923;-999;-999;-999;   10;   0.3;   4;    1.000;-999;  -999;  -999;    -999;   15.0;-999;   20.5;    9.0;    6.0;eor
         44;20240924;-999;-999;-999;   10;   1.6;   4;    2.200;-999;  -999;  -999;    -999;   15.0;-999;   18.6;   10.5;    7.5;eor
         44;20240925;-999;-999;-999;   10;   7.5;   4;    0.400;-999;  -999;  -999;    -999;   14.5;-999;   16.4;   12.7;   11.1;eor
         44;20240926;-999;-999;-999;   10;  -999;-999;    2.500;-999;  -999;  -999;    -999;   16.0;-999;   18.0;   12.5;   11.5;eor
         44;20240927;-999;-999;-999;   10;  13.7;   4;    3.300;-999;  -999;  -999;    -999;   13.5;-999;   15.9;   10.3;    9.0;eor
         44;20240928;-999;-999;-999;   10;   3.3;   4;    7.200;-999;  -999;  10.6;    -999;    9.4;   90.00;   13.8;    7.2;    5.6;eor
         44;20240929;-999;-999;-999;   10;   0.0;   0;    6.700;-999;  -999;  10.0;    -999;   10.0;   83.00;   16.1;    5.3;    2.5;eor
         44;20240930;-999;-999;-999;   10;  17.5;   4;    5.500;-999;  -999;  10.5;    -999;   10.6;   82.00;   14.8;    7.3;    5.0;eor
         44;20241001;-999;-999;-999;   10;   1.4;   4;    2.800;   0;  -999;  14.1;    -999;   12.8;   95.00;   16.2;   10.1;    9.1;eor
         44;20241002;-999;-999;-999;   10;   0.2;   4;    0.000;   0;  -999;  10.8;    -999;    9.7;   90.00;   12.7;    6.6;    3.2;eor
         44;20241003;-999;-999;-999;   10;   0.0;   0;    6.200;   0;  -999;   9.6;    -999;    9.4;   82.00;   14.7;    4.6;    1.6;eor
         44;20241004;-999;-999;-999;   10;   0.0;   0;    8.300;   0;  -999;   9.2;    -999;    8.6;   85.00;   15.9;    3.0;    0.1;eor
         44;20241005;-999;-999;-999;   10;   0.0;   0;    8.600;   0;  -999;   9.3;    -999;    8.2;   87.00;   14.8;    2.3;   -0.7;eor
         44;20241006;-999;-999;-999;   10;   0.6;   4;    8.600;   0;  -999;   9.7;    -999;    9.6;   83.00;   15.0;    4.1;    0.0;eor
         44;20241007;-999;-999;-999;   10;   1.8;   4;    4.900;   0;  -999;  12.7;    -999;   12.9;   86.00;   19.0;    8.5;    7.0;eor
         44;20241008;-999;-999;-999;   10;   0.0;   0;    2.400;   0;  -999;  14.8;    -999;   15.3;   86.00;   19.3;   12.8;    9.5;eor
         44;20241009;-999;-999;-999;   10;  17.7;   4;    1.600;   0;  -999;  14.3;    -999;   14.0;   89.00;   17.0;   11.4;    7.5;eor
         44;20241010;-999;-999;-999;   10;   0.9;   4;    1.000;   0;  -999;  12.1;    -999;   11.4;   88.00;   13.7;    6.8;    4.6;eor
         44;20241011;-999;-999;-999;   10;   0.0;   0;    7.000;   0;  -999;   8.8;    -999;    7.8;   84.00;   13.0;    3.8;    0.3;eor
         44;20241012;-999;-999;-999;   10;   7.7;   4;    4.100;   0;  -999;   9.2;    -999;    8.0;   86.00;   12.1;    2.9;   -0.4;eor
         44;20241013;-999;-999;-999;   10;   1.9;   4;    3.900;   0;  -999;   9.8;    -999;    9.1;   85.00;   12.8;    7.2;    5.3;eor
         44;20241014;-999;-999;-999;   10;   0.0;   0;    0.400;   0;  -999;   9.3;    -999;    7.9;   88.00;   12.3;    2.9;    0.0;eor
         44;20241015;-999;-999;-999;   10;   0.0;   0;    9.300;   0;  -999;   8.4;    -999;    7.1;   84.00;   12.9;    1.2;   -1.4;eor
         44;20241016;-999;-999;-999;   10;   0.0;   0;    5.900;   0;  -999;  10.1;    -999;   10.8;   78.00;   15.6;    6.1;    4.5;eor
         44;20241017;-999;-999;-999;   10;   0.0;   0;    0.300;   0;  -999;  14.5;    -999;   14.1;   88.00;   18.9;    9.9;    7.8;eor
         44;20241018;-999;-999;-999;   10;   0.5;   4;    6.200;   0;  -999;  15.6;    -999;   15.1;   91.00;   21.0;   11.6;    8.9;eor
         44;20241019;-999;-999;-999;   10;   2.2;   4;    0.000;   0;  -999;  14.8;    -999;   13.1;   98.00;   16.1;   10.4;    6.8;eor
         44;20241020;-999;-999;-999;   10;   0.2;   4;    3.200;   0;  -999;  13.5;    -999;   13.8;   85.00;   17.6;    9.4;    6.2;eor
         44;20241021;-999;-999;-999;   10;   5.6;   4;    0.100;   0;  -999;  14.0;    -999;   14.6;   84.00;   16.5;   11.9;   11.5;eor
         44;20241022;-999;-999;-999;   10;   0.0;   4;    4.900;   0;  -999;  12.2;    -999;   11.3;   91.00;   15.2;    8.4;    5.2;eor
         44;20241023;-999;-999;-999;   10;   0.1;   4;    0.000;   0;  -999;  11.5;    -999;    9.4;   97.00;   12.2;    5.2;    2.8;eor
         44;20241024;-999;-999;-999;   10;   0.0;   4;    6.600;   0;  -999;  10.5;    -999;    9.0;   91.00;   15.2;    3.8;    2.9;eor
         44;20241025;-999;-999;-999;   10;   0.1;   4;    7.200;   0;  -999;  13.0;    -999;   12.3;   91.00;   18.6;    8.1;    4.1;eor
         44;20241026;-999;-999;-999;   10;   0.0;   4;    7.700;   0;  -999;  13.1;    -999;   11.9;   93.00;   18.8;    6.8;    4.0;eor
         44;20241027;-999;-999;-999;   10;   0.1;   4;    3.300;   0;  -999;  12.7;    -999;   12.3;   90.00;   16.3;    7.8;    4.0;eor
         44;20241028;-999;-999;-999;   10;   3.9;   4;    0.900;   0;  -999;  12.6;    -999;   11.2;   94.00;   13.6;    7.6;    4.2;eor
         44;20241029;-999;-999;-999;   10;   0.4;   4;    0.000;   0;  -999;  14.8;    -999;   13.3;   97.00;   14.5;   12.4;   12.1;eor
         44;20241030;-999;-999;-999;   10;   0.3;   4;    0.200;   0;  -999;  13.9;    -999;   12.6;   95.00;   14.8;    8.2;    5.0;eor
         44;20241031;-999;-999;-999;   10;   0.0;   0;    0.000;   0;  -999;  12.4;    -999;   11.9;   89.00;   13.4;    8.0;    5.1;eor
         44;20241101;-999;-999;-999;   10;   0.9;   4;    0.000;   0;  -999;  12.4;    -999;   11.5;   91.00;   12.2;   10.9;   10.7;eor
         44;20241102;-999;-999;-999;   10;   0.0;   0;    3.300;   0;  -999;   9.0;    -999;    8.0;   84.00;   11.6;    1.5;   -1.4;eor
         44;20241103;-999;-999;-999;   10;   0.1;   4;    8.400;   0;  -999;   7.4;    -999;    4.1;   91.00;   10.6;   -0.2;   -2.8;eor
         44;20241104;-999;-999;-999;   10;   0.0;   4;    0.000;   0;  -999;  10.1;    -999;    7.8;   95.00;    9.8;    3.5;    3.8;eor
         44;20241105;-999;-999;-999;   10;   0.0;   0;    0.000;   0;  -999;   9.0;    -999;    5.9;   97.00;    7.5;    2.8;   -0.2;eor
         44;20241106;-999;-999;-999;   10;   0.3;   4;    0.000;   0;  -999;   8.5;    -999;    4.7;  100.00;    5.1;    4.0;    4.4;eor
         44;20241107;-999;-999;-999;   10;   0.1;   4;    0.000;   0;  -999;   8.1;    -999;    4.0;  100.00;    4.7;    3.5;    3.8;eor
         44;20241108;-999;-999;-999;   10;   0.0;   0;    0.000;   0;  -999;   7.9;    -999;    4.6;   93.00;    5.6;    3.5;    3.5;eor
         44;20241109;-999;-999;-999;   10;   0.0;   0;    0.000;   0;  -999;   8.6;    -999;    6.0;   92.00;    6.5;    5.5;    5.3;eor
         44;20241110;-999;-999;-999;   10;   0.3;   4;    0.100;   0;  -999;   9.6;    -999;    7.4;   94.00;    9.3;    6.0;    5.9;eor
         44;20241111;-999;-999;-999;   10;   5.2;   4;    0.700;   0;  -999;  10.7;    -999;    8.6;   96.00;   11.4;    7.0;    4.4;eor
         44;20241112;-999;-999;-999;   10;   0.0;   0;    2.100;   0;  -999;  10.1;    -999;    8.0;   95.00;   10.4;    6.1;    4.4;eor
         44;20241113;-999;-999;-999;   10;   3.9;   4;    0.000;   0;  -999;  11.0;    -999;    8.4;   99.00;   10.3;    6.2;    6.1;eor
         44;20241114;-999;-999;-999;   10;   0.0;   4;    0.000;   0;  -999;  11.1;    -999;    9.7;   92.00;   10.7;    9.0;    8.3;eor
         44;20241115;-999;-999;-999;   10;   0.0;   0;    0.000;   0;  -999;   9.7;    -999;    8.9;   85.00;   10.0;    8.1;    7.7;eor
         44;20241116;-999;-999;-999;   10;   0.7;   4;    0.000;   0;  -999;   9.0;    -999;    7.6;   86.00;    8.3;    7.1;    6.7;eor
         44;20241117;-999;-999;-999;   10;   3.8;   4;    2.100;   0;  -999;   8.5;    -999;    6.0;   90.00;    8.2;    3.4;    2.7;eor
         44;20241118;-999;-999;-999;   10;   3.6;   4;    6.200;   0;  -999;   7.0;    -999;    3.8;   87.00;    7.0;    2.3;   -1.2;eor
         44;20241119;-999;-999;-999;   10;   7.0;   4;    0.000;   0;  -999;   6.8;    -999;    1.8;   97.00;    3.3;    0.3;   -0.4;eor
         44;20241120;-999;-999;-999;   10;   4.6;   4;    0.400;   0;  -999;   6.5;    -999;    1.3;   97.00;    3.2;    0.1;   -1.6;eor
         44;20241121;-999;-999;-999;   10;   1.9;   4;    0.700;   0;  -999;   6.3;    -999;    1.2;   95.00;    2.6;    0.3;   -0.2;eor
         44;20241122;-999;-999;-999;   10;   2.3;   4;    1.900;   0;  -999;   6.3;    -999;    1.6;   92.00;    4.0;   -0.3;   -1.9;eor
         44;20241123;-999;-999;-999;   10;  10.6;   4;    2.100;   0;  -999;   6.6;    -999;    3.1;   86.00;    7.2;    0.4;   -1.6;eor
         44;20241124;-999;-999;-999;   10;   0.1;   4;    0.100;   0;  -999;  10.7;    -999;   12.7;   74.00;   16.9;    7.2;    6.3;eor
         44;20241125;-999;-999;-999;   10;   2.7;   4;    0.000;   0;  -999;  10.9;    -999;   13.4;   73.00;   17.1;    8.7;    7.4;eor
         44;20241126;-999;-999;-999;   10;   3.8;   4;    3.900;   0;  -999;   9.3;    -999;    7.5;   90.00;   10.5;    4.4;    1.0;eor
         44;20241127;-999;-999;-999;   10;  11.5;   4;    0.000;   0;  -999;   9.1;    -999;    6.2;   96.00;   10.9;    2.1;   -0.2;eor
         44;20241128;-999;-999;-999;   10;   1.0;   4;    1.100;   0;  -999;   8.5;    -999;    5.9;   91.00;    8.1;    1.8;   -1.0;eor
         44;20241129;-999;-999;-999;   10;   0.0;   0;    5.600;   0;  -999;   7.0;    -999;    3.1;   91.00;    8.1;   -0.4;   -3.7;eor
         44;20241130;-999;-999;-999;   10;   0.0;   0;    6.900;   0;  -999;   5.9;    -999;    1.7;   87.00;    5.7;   -0.9;   -4.3;eor
         44;20241201;-999;-999;-999;   10;   0.1;   4;    7.100;   0;  -999;   5.9;    -999;    2.8;   79.00;    6.5;   -0.4;   -3.3;eor
         44;20241202;-999;-999;-999;   10;   3.0;   4;    0.000;   0;  -999;  10.4;    -999;    8.0;   96.00;    9.5;    5.7;    4.8;eor
         44;20241203;-999;-999;-999;   10;   1.5;   4;    2.200;   0;  -999;   8.6;    -999;    6.1;   91.00;    7.6;    4.0;    2.6;eor
         44;20241204;-999;-999;-999;   10;   0.0;   0;    3.900;   0;  -999;   7.2;    -999;    3.1;   94.00;    6.0;   -0.8;   -3.7;eor
         44;20241205;-999;-999;-999;   10;  15.4;   4;    0.000;   0;  -999;   7.4;    -999;    3.2;   95.00;    5.7;   -0.5;   -3.5;eor
         44;20241206;-999;-999;-999;   10;   7.4;   4;    0.000;   0;  -999;   9.9;    -999;    7.5;   95.00;    9.5;    5.7;    5.3;eor
         44;20241207;-999;-999;-999;   10;   1.5;   4;    0.000;   0;  -999;   8.4;    -999;    5.8;   91.00;    7.5;    4.4;    2.8;eor
         44;20241208;-999;-999;-999;   10;   1.8;   4;    0.300;   0;  -999;   8.0;    -999;    4.6;   94.00;    6.4;    2.0;   -1.2;eor
         44;20241209;-999;-999;-999;   10;   1.6;   4;    0.000;   0;  -999;   8.2;    -999;    5.2;   93.00;    6.1;    4.6;    4.2;eor
         44;20241210;-999;-999;-999;   10;   0.0;   0;    0.000;   0;  -999;   7.2;    -999;    4.7;   84.00;    5.2;    4.1;    3.7;eor
         44;20241211;-999;-999;-999;   10;   0.0;   0;    0.000;   0;  -999;   6.7;    -999;    2.8;   89.00;    4.1;    1.6;    0.9;eor
         44;20241212;-999;-999;-999;   10;   0.0;   0;    0.000;   0;  -999;   7.4;    -999;    3.1;   96.00;    3.7;    2.0;    2.2;eor
         44;20241213;-999;-999;-999;   10;   0.0;   0;    0.000;   0;  -999;   6.2;    -999;    1.6;   89.00;    3.2;    0.1;    0.3;eor
         44;20241214;-999;-999;-999;   10;   0.7;   4;    0.000;   0;  -999;   6.9;    -999;    2.3;   94.00;    4.6;    0.0;    0.2;eor
         44;20241215;-999;-999;-999;   10;   0.9;   4;    0.000;   0;  -999;   9.4;    -999;    6.5;   96.00;   10.6;    3.3;    1.8;eor
         44;20241216;-999;-999;-999;   10;   0.2;   4;    0.000;   0;  -999;  10.7;    -999;   10.3;   85.00;   11.3;    9.1;    8.2;eor
         44;20241217;-999;-999;-999;   10;   0.0;   0;    0.000;   0;  -999;   9.6;    -999;    8.4;   87.00;    9.6;    6.4;    4.6;eor
         44;20241218;-999;-999;-999;   10;   5.5;   4;    0.000;   0;  -999;  10.3;    -999;    9.6;   85.00;   12.5;    6.0;    4.3;eor
         44;20241219;-999;-999;-999;   10;   3.7;   4;    0.100;   0;  -999;  10.1;    -999;    8.4;   90.00;   12.8;    4.3;    2.8;eor
         44;20241220;-999;-999;-999;   10;   0.7;   4;    2.300;   0;  -999;   7.3;    -999;    4.7;   85.00;    6.3;    3.1;    1.6;eor
         44;20241221;-999;-999;-999;   10;   3.7;   4;    0.000;   0;  -999;   9.3;    -999;    7.1;   92.00;    8.6;    5.0;    4.5;eor
         44;20241222;-999;-999;-999;   10;   6.8;   4;    0.900;   0;  -999;   7.6;    -999;    4.6;   89.00;    8.3;    1.4;   -0.2;eor
         44;20241223;-999;-999;-999;   10;   2.0;   4;    2.000;   0;  -999;   7.2;    -999;    4.3;   87.00;    7.1;    1.5;   -0.1;eor
         44;20241224;-999;-999;-999;   10;   0.5;   4;    0.000;   0;  -999;   7.7;    -999;    4.1;   94.00;    5.6;    2.0;   -0.5;eor
         44;20241225;-999;-999;-999;   10;   0.4;   4;    0.000;   0;  -999;  10.1;    -999;    7.1;  100.00;    8.4;    5.5;    5.3;eor
         44;20241226;-999;-999;-999;   10;   0.5;   4;    0.000;   0;  -999;   9.6;    -999;    6.4;  100.00;    7.7;    3.4;    3.8;eor
         44;20241227;-999;-999;-999;   10;   0.0;   0;    0.000;   0;  -999;   7.2;    -999;    2.2;  100.00;    3.6;    0.1;    0.6;eor
         44;20241228;-999;-999;-999;   10;   0.0;   0;    1.200;   0;  -999;   6.0;    -999;   -0.1;  100.00;    1.8;   -0.9;   -0.8;eor
         44;20241229;-999;-999;-999;   10;   0.0;   4;    0.000;   0;  -999;   6.9;    -999;    1.7;  100.00;    4.5;   -1.2;   -0.7;eor
         44;20241230;-999;-999;-999;   10;   0.0;   0;    0.000;   0;  -999;   8.4;    -999;    5.4;   94.00;    6.6;    4.4;    4.2;eor
         44;20241231;-999;-999;-999;   10;   0.0;   0;    0.000;   0;  -999;   7.4;    -999;    3.9;   91.00;    6.4;    2.0;    2.0;eor
         44;20250101;-999;-999;-999;    3;   9.5;   4;    0.000;   0;  -999;   8.5;    -999;    6.9;   86.00;    8.4;    5.0;    4.4;eor
         44;20250102;-999;-999;-999;    3;   0.4;   4;    5.900;   0;  -999;   6.7;    -999;    3.0;   88.00;    5.7;    0.7;   -0.4;eor
         44;20250103;-999;-999;-999;    3;   2.1;   4;    0.300;   1;  -999;   6.0;    -999;    0.7;   94.00;    2.4;   -0.6;   -3.0;eor
         44;20250104;-999;-999;-999;    3;   0.1;   4;    0.000;   1;  -999;   6.1;    -999;    0.4;   97.00;    1.8;   -1.0;   -3.8;eor
         44;20250105;-999;-999;-999;    3;  13.3;   4;    0.000;   0;  -999;   6.8;    -999;    1.8;   95.00;   10.9;   -0.3;   -1.9;eor
         44;20250106;-999;-999;-999;    3;   2.4;   4;    0.400;   0;  -999;  10.3;    -999;    9.6;   84.00;   12.6;    5.1;    3.5;eor
         44;20250107;-999;-999;-999;    3;   1.6;   4;    0.000;   0;  -999;   6.6;    -999;    4.0;   81.00;    5.5;    2.0;    0.4;eor
         44;20250108;-999;-999;-999;    3;   0.0;   0;    5.600;   0;  -999;   6.2;    -999;    2.3;   86.00;    4.9;    0.5;   -1.0;eor
         44;20250109;-999;-999;-999;    3;   3.1;   4;    0.000;   0;  -999;   6.2;    -999;    0.6;   97.00;    1.7;   -1.2;   -3.8;eor
         44;20250110;-999;-999;-999;    3;   2.6;   4;    0.800;   1;  -999;   6.6;    -999;    1.6;   96.00;    3.3;   -0.7;   -2.8;eor
         44;20250111;-999;-999;-999;    3;   0.0;   0;    4.600;   0;  -999;   5.9;    -999;    0.4;   94.00;    3.0;   -1.7;   -4.4;eor
         44;20250112;-999;-999;-999;    3;   0.0;   0;    6.300;   0;  -999;   5.4;    -999;   -0.8;   94.00;    4.2;   -3.4;   -7.0;eor
         44;20250113;-999;-999;-999;    3;   0.0;   0;    7.300;   0;  -999;   5.0;    -999;   -1.3;   91.00;    2.9;   -4.3;   -7.7;eor
         44;20250114;-999;-999;-999;    3;   0.1;   4;    0.000;   0;  -999;   6.0;    -999;    1.2;   87.00;    4.6;   -1.6;   -3.4;eor
         44;20250115;-999;-999;-999;    3;   0.4;   4;    0.000;   0;  -999;   8.8;    -999;    5.2;  100.00;    6.1;    4.3;    2.8;eor
         44;20250116;-999;-999;-999;    3;   0.0;   0;    0.000;   0;  -999;   7.7;    -999;    3.1;  100.00;    4.6;    0.0;    0.3;eor
         44;20250117;-999;-999;-999;    3;   0.0;   0;    0.000;   0;  -999;   6.1;    -999;    0.0;  100.00;    1.5;   -0.8;   -0.5;eor
         44;20250118;-999;-999;-999;    3;   0.0;   0;    0.000;   0;  -999;   5.4;    -999;   -1.7;  100.00;   -0.6;   -2.7;   -1.9;eor
         44;20250119;-999;-999;-999;    3;   0.0;   0;    0.000;   0;  -999;   5.3;    -999;   -2.0;  100.00;   -1.1;   -2.8;   -2.3;eor
         44;20250120;-999;-999;-999;    3;   0.0;   0;    0.000;   0;  -999;   5.2;    -999;   -2.2;  100.00;   -1.0;   -3.1;   -2.5;eor
         44;20250121;-999;-999;-999;    3;   0.0;   0;    0.000;   0;  -999;   5.7;    -999;   -1.0;  100.00;   -0.6;   -1.9;   -2.0;eor
         44;20250122;-999;-999;-999;    3;   8.9;   4;    2.000;   0;  -999;   6.1;    -999;    0.8;   93.00;    3.7;   -2.3;   -3.4;eor
         44;20250123;-999;-999;-999;    3;   0.5;   4;    0.500;   0;  -999;   7.5;    -999;    4.2;   90.00;    5.8;    2.7;    2.4;eor
         44;20250124;-999;-999;-999;    3;   9.8;   4;    0.000;   0;  -999;   8.9;    -999;    6.8;   90.00;    8.5;    4.0;    3.5;eor
         44;20250125;-999;-999;-999;    3;   3.5;   4;    1.200;   0;  -999;   8.9;    -999;    5.8;   97.00;    7.7;    2.6;    0.6;eor
         44;20250126;-999;-999;-999;    3;   4.8;   4;    0.000;   0;  -999;   7.1;    -999;    3.2;   92.00;    4.4;    2.1;    1.5;eor
         44;20250127;-999;-999;-999;    3;   1.0;   4;    3.700;   0;  -999;   8.9;    -999;    8.1;   82.00;   12.1;    3.9;    1.6;eor
         44;20250128;-999;-999;-999;    3;   2.6;   4;    3.900;   0;  -999;   7.9;    -999;    7.6;   76.00;   10.7;    4.8;   -0.4;eor
         44;20250129;-999;-999;-999;    3;   4.6;   4;    0.300;   0;  -999;   8.9;    -999;    6.7;   90.00;    7.7;    4.7;    1.5;eor
         44;20250130;-999;-999;-999;    3;   2.3;   4;    0.000;   0;  -999;   8.4;    -999;    5.0;   96.00;    6.4;    2.0;    0.1;eor
         44;20250131;-999;-999;-999;    3;   0.0;   0;    5.500;   0;  -999;   6.6;    -999;    2.6;   90.00;    6.9;   -0.4;   -4.0;eor
         44;20250201;-999;-999;-999;    3;   0.0;   0;    2.700;   0;  -999;   5.9;    -999;   -0.3;   98.88;    5.5;   -2.4;   -4.7;eor
         44;20250202;-999;-999;-999;    3;   0.0;   0;    3.500;   0;  -999;   5.4;    -999;   -1.5;   98.67;    1.5;   -3.4;   -6.1;eor
         44;20250203;-999;-999;-999;    3;   0.0;   0;    7.083;   0;  -999;   5.3;    -999;   -1.1;   93.04;    4.2;   -5.2;   -7.7;eor
         44;20250204;-999;-999;-999;    3;   0.0;   4;    0.000;   0;  -999;   6.1;    -999;    0.6;   94.42;    3.7;   -2.0;   -5.2;eor
         44;20250205;-999;-999;-999;    3;   0.0;   0;    0.000;   0;  -999;   7.8;    -999;    4.0;   95.13;    6.4;    1.3;    1.0;eor
         44;20250206;-999;-999;-999;    3;   0.6;   4;    3.167;   0;  -999;   7.5;    -999;    3.7;   94.21;    7.3;    0.8;   -3.2;eor
         44;20250207;-999;-999;-999;    3;   0.0;   0;    0.017;   0;  -999;   5.6;    -999;    2.0;   79.00;    3.0;    1.3;   -0.5;eor
         44;20250208;-999;-999;-999;    3;   0.0;   0;    0.217;   0;  -999;   5.9;    -999;    2.9;   78.67;    4.9;    0.8;   -0.1;eor
         44;20250209;-999;-999;-999;    3;   0.0;   0;    7.783;   0;  -999;   5.7;    -999;    2.0;   81.25;    5.3;   -0.4;   -2.5;eor
         44;20250210;-999;-999;-999;    3;   0.0;   0;    0.867;   0;  -999;   5.6;    -999;    2.0;   78.67;    3.0;    1.2;   -0.1;eor
         44;20250211;-999;-999;-999;    3;   0.3;   4;    0.000;   0;  -999;   5.0;    -999;    0.3;   80.13;    1.7;   -1.4;   -1.3;eor
         44;20250212;-999;-999;-999;    3;   0.9;   4;    0.000;   1;  -999;   4.9;    -999;   -0.2;   81.79;    1.5;   -2.0;   -2.3;eor
         44;20250213;-999;-999;-999;    3;   0.5;   4;    0.083;   1;  -999;   5.0;    -999;   -1.7;   91.33;    0.4;   -3.9;   -4.6;eor
         44;20250214;-999;-999;-999;    3;   0.0;   0;    0.000;   1;  -999;   5.4;    -999;    0.0;   87.50;    1.2;   -0.7;   -1.1;eor
         44;20250215;-999;-999;-999;    3;   0.0;   0;    0.817;   1;  -999;   5.2;    -999;   -0.3;   87.33;    2.6;   -3.4;   -6.4;eor
         44;20250216;-999;-999;-999;    3;   0.0;   0;    4.400;   0;  -999;   4.6;    -999;   -0.9;   80.50;    2.2;   -3.8;   -7.3;eor
         44;20250217;-999;-999;-999;    3;   0.0;   0;    8.450;   0;  -999;   3.8;    -999;   -2.4;   75.54;    1.7;   -5.9;   -9.3;eor
         44;20250218;-999;-999;-999;    3;   0.0;   0;    9.417;   0;  -999;   3.3;    -999;   -2.9;   67.67;    1.2;   -7.3;  -11.0;eor
         44;20250219;-999;-999;-999;    3;   0.0;   0;    9.067;   0;  -999;   3.3;    -999;   -1.1;   60.25;    3.5;   -5.1;   -7.0;eor
         44;20250220;-999;-999;-999;    3;   0.0;   4;    1.050;   0;  -999;   5.5;    -999;    2.9;   70.63;    8.0;   -2.7;   -4.8;eor
         44;20250221;-999;-999;-999;    3;   0.0;   0;    6.183;   0;  -999;  10.5;    -999;   11.1;   79.83;   16.2;    7.0;    4.7;eor
         44;20250222;-999;-999;-999;    3;   0.4;   4;    1.500;   0;  -999;  10.1;    -999;   10.8;   78.04;   14.2;    7.5;    5.2;eor
         44;20250223;-999;-999;-999;    3;   0.0;   4;    3.483;   0;  -999;   9.9;    -999;    9.3;   84.29;   12.2;    6.6;    0.7;eor
         44;20250224;-999;-999;-999;    3;   1.9;   4;    0.000;   0;  -999;  10.0;    -999;   10.5;   78.92;   12.9;    8.7;    6.8;eor
         44;20250225;-999;-999;-999;    3;   0.0;   0;    4.267;   0;  -999;   9.6;    -999;    9.0;   84.17;   12.4;    5.9;    3.5;eor
         44;20250226;-999;-999;-999;    3;   4.0;   4;    1.583;   0;  -999;   8.3;    -999;    6.0;   88.83;   10.1;    4.7;   -0.1;eor
         44;20250227;-999;-999;-999;    3;   5.7;   4;    1.917;   0;  -999;   8.0;    -999;    4.8;   93.67;    8.1;    2.2;    0.0;eor
         44;20250228;-999;-999;-999;    3;   0.0;   0;    0.167;   0;  -999;   7.5;    -999;    3.9;   93.08;    6.2;    2.2;    0.7;eor
         44;20250301;-999;-999;-999;    3;   0.0;   4;    0.650;   0;  -999;   7.0;    -999;    2.6;   94.92;    6.3;   -1.3;   -3.8;eor
         44;20250302;-999;-999;-999;    3;   0.0;   0;   10.150;   0;  -999;   6.3;    -999;    3.2;   83.79;   10.1;   -2.1;   -5.1;eor
         44;20250303;-999;-999;-999;    1;   0.0;   0;   10.233;   0;  -999;   5.6;    -999;    3.5;   74.83;   10.5;   -1.1;   -4.7;eor
         44;20250304;-999;-999;-999;    1;   0.0;   0;    9.050;   0;  -999;   6.7;    -999;    4.4;   80.63;   11.7;   -1.9;   -5.0;eor
         44;20250305;-999;-999;-999;    1;   0.0;   0;   10.083;   0;  -999;   6.2;    -999;    7.3;   63.50;   15.6;    1.8;   -2.3;eor
         44;20250306;-999;-999;-999;    1;   0.0;   0;    9.600;   0;  -999;   6.9;    -999;    8.1;   65.83;   17.0;    0.8;   -3.8;eor
         44;20250307;-999;-999;-999;    1;   0.0;   0;   10.350;   0;  -999;   7.6;    -999;   10.2;   63.13;   18.7;    3.2;   -1.7;eor
         44;20250308;-999;-999;-999;    1;   0.0;   0;   10.217;   0;  -999;   7.4;    -999;   10.2;   62.88;   18.0;    2.0;   -3.1;eor
         44;20250309;-999;-999;-999;    1;   0.0;   0;    9.767;   0;  -999;   7.1;    -999;    9.0;   63.25;   17.2;    2.7;   -3.8;eor
         44;20250310;-999;-999;-999;    1;   0.0;   0;    9.833;   0;  -999;   7.5;    -999;    6.2;   80.79;   15.1;   -0.3;   -5.3;eor
         44;20250311;-999;-999;-999;    1;   0.0;   0;    0.033;   0;  -999;   7.4;    -999;    3.9;   91.25;    6.4;    0.3;   -3.7;eor
         44;20250312;-999;-999;-999;    1;   0.4;   4;    2.017;   0;  -999;   6.9;    -999;    3.8;   85.96;    8.5;   -1.1;   -5.6;eor
         44;20250313;-999;-999;-999;    1;   0.0;   0;    2.750;   0;  -999;   6.1;    -999;    1.6;   88.50;    7.9;   -2.6;   -7.1;eor
         44;20250314;-999;-999;-999;    1;   0.1;   4;    7.350;   0;  -999;   5.8;    -999;    2.4;   82.04;    8.4;   -2.1;   -5.3;eor
         44;20250315;-999;-999;-999;    1;   0.0;   0;    7.567;   0;  -999;   5.7;    -999;    2.4;   79.75;    8.2;   -1.7;   -5.5;eor
         44;20250316;-999;-999;-999;    1;   0.0;   0;    4.767;   0;  -999;   6.3;    -999;    2.9;   84.29;    8.5;   -3.7;   -8.7;eor
         44;20250317;-999;-999;-999;    1;   0.0;   0;   11.167;   0;  -999;   4.1;    -999;    3.3;   54.46;    8.2;   -2.3;   -8.4;eor
         44;20250318;-999;-999;-999;    1;   0.0;   0;   11.200;   0;  -999;   3.5;    -999;    2.9;   49.50;    9.9;   -4.4;   -9.6;eor
         44;20250319;-999;-999;-999;    1;   0.0;   0;   11.267;   0;  -999;   4.1;    -999;    5.7;   48.83;   15.4;   -3.8;   -8.9;eor
         44;20250320;-999;-999;-999;    1;   0.0;   0;   10.017;   0;  -999;   6.6;    -999;    9.7;   58.25;   19.2;   -0.1;   -4.0;eor
         44;20250321;-999;-999;-999;    1;   0.0;   0;   11.100;   0;  -999;   7.4;    -999;   12.0;   57.13;   20.3;    2.4;   -2.8;eor
         44;20250322;-999;-999;-999;    1;   0.7;   4;   10.400;   0;  -999;   6.0;    -999;   12.9;   41.33;   18.3;    8.4;    6.5;eor
         44;20250323;-999;-999;-999;    1;   0.0;   0;    3.717;   0;  -999;   7.7;    -999;   10.8;   59.71;   16.5;    6.8;    3.2;eor
         44;20250324;-999;-999;-999;    1;   0.3;   4;    2.667;   0;  -999;  10.0;    -999;   10.7;   78.29;   17.1;    5.6;    3.8;eor
         44;20250325;-999;-999;-999;    1;   0.9;   4;    2.117;   0;  -999;   8.7;    -999;    8.2;   80.50;   12.8;    4.9;    4.9;eor
         44;20250326;-999;-999;-999;    1;   0.1;   4;    0.050;   0;  -999;   8.9;    -999;    7.2;   87.29;    9.8;    2.2;   -1.5;eor
         44;20250327;-999;-999;-999;    1;   0.0;   0;   11.450;   0;  -999;   7.5;    -999;    7.2;   77.08;   16.2;   -1.0;   -4.5;eor
         44;20250328;-999;-999;-999;    1;   0.0;   0;   11.267;   0;  -999;   7.7;    -999;    9.6;   69.71;   19.1;    0.8;   -4.8;eor
         44;20250329;-999;-999;-999;    1;   1.2;   4;   10.683;   0;  -999;   7.9;    -999;    8.6;   72.71;   14.6;    3.0;   -1.9;eor
         44;20250330;-999;-999;-999;    1;   2.5;   4;    1.400;   0;  -999;   8.6;    -999;    8.2;   79.25;   11.7;    5.5;    4.8;eor
         44;20250331;-999;-999;-999;    1;   0.0;   0;    7.017;   0;  -999;   8.2;    -999;    7.5;   79.79;   12.8;    3.0;    0.3;eor
         44;20250401;-999;-999;-999;    1;   0.0;   0;    9.883;   0;  -999;   6.9;    -999;    7.8;   69.79;   14.9;    1.3;    1.1;eor
         44;20250402;-999;-999;-999;    1;   0.0;   0;   11.900;   0;  -999;   7.4;    -999;   10.2;   60.83;   17.3;    2.0;   -3.3;eor
         44;20250403;-999;-999;-999;    1;   0.0;   0;   11.783;   0;  -999;   6.6;    -999;   11.4;   52.79;   20.1;    3.2;   -2.8;eor
         44;20250404;-999;-999;-999;    1;   0.0;   0;   12.133;   0;  -999;   8.1;    -999;   12.3;   59.13;   21.6;    3.9;   -1.8;eor
         44;20250405;-999;-999;-999;    1;   0.0;   0;   11.900;   0;  -999;   6.2;    -999;    7.8;   61.58;   14.4;    2.5;   -1.8;eor
         44;20250406;-999;-999;-999;    1;   0.0;   0;   12.233;   0;  -999;   5.1;    -999;    5.5;   58.88;   11.7;   -1.7;   -7.0;eor
         44;20250407;-999;-999;-999;    1;   0.0;   0;   12.300;   0;  -999;   5.5;    -999;    6.3;   62.71;   14.8;   -1.9;   -6.9;eor
         44;20250408;-999;-999;-999;    1;   0.0;   0;   11.983;   0;  -999;   6.9;    -999;    7.4;   71.42;   16.4;   -1.4;   -5.8;eor
         44;20250409;-999;-999;-999;    1;   0.0;   0;    1.983;   0;  -999;   8.0;    -999;    7.3;   79.88;   12.4;    2.8;   -1.5;eor
         44;20250410;-999;-999;-999;    1;   0.0;   0;    5.250;   0;  -999;   8.3;    -999;    8.8;   73.63;   13.5;    5.5;    3.9;eor
         44;20250411;-999;-999;-999;    1;   0.0;   4;    7.867;   0;  -999;   9.6;    -999;   10.9;   75.38;   18.9;    5.9;    1.1;eor
         44;20250412;-999;-999;-999;    1;   0.1;   4;    8.917;   0;  -999;   9.0;    -999;   12.6;   67.54;   21.5;    4.2;    1.0;eor
         44;20250413;-999;-999;-999;    1;   1.4;   4;    2.050;   0;  -999;  11.2;    -999;   13.9;   70.88;   19.2;   10.0;    6.6;eor
         44;20250414;-999;-999;-999;    1;   0.0;   0;    6.667;   0;  -999;  10.6;    -999;   12.0;   77.21;   17.4;    7.2;    3.3;eor
         44;20250415;-999;-999;-999;    1;   3.2;   4;    8.200;   0;  -999;  12.0;    -999;   16.3;   66.25;   24.3;    9.7;    6.6;eor
         44;20250416;-999;-999;-999;    1;   3.2;   4;    5.150;   0;  -999;  13.2;    -999;   13.6;   84.88;   20.0;    8.5;    6.5;eor
         44;20250417;-999;-999;-999;    1;   5.6;   4;    0.000;   0;  -999;   9.6;    -999;    9.5;   80.88;   12.2;    8.0;    7.3;eor
         44;20250418;-999;-999;-999;    1;   0.8;   4;    0.000;   0;  -999;   9.8;    -999;    8.6;   88.08;   10.8;    7.0;    6.7;eor
         44;20250419;-999;-999;-999;    1;   0.0;   0;    5.733;   0;  -999;   8.9;    -999;    9.0;   79.46;   15.0;    2.5;   -0.7;eor
         44;20250420;-999;-999;-999;    1;   2.0;   4;    9.400;   0;  -999;  -999;    -999;    9.0;-999;   16.0;    1.0;   -1.0;eor
         44;20250421;-999;-999;-999;    1;   0.3;   4;    0.300;   0;  -999;  -999;    -999;   11.0;-999;   17.0;    7.0;    6.0;eor
         44;20250422;-999;-999;-999;    1;   0.0;   0;    2.800;   0;  -999;  -999;    -999;   11.5;-999;   16.1;    6.0;    1.7;eor
         44;20250423;-999;-999;-999;    1;   6.4;   4;    2.150;   0;  -999;  11.3;    -999;   11.9;   81.83;   17.7;    5.9;    3.3;eor
         44;20250424;-999;-999;-999;    1;   2.2;   4;    0.000;   0;  -999;  12.0;    -999;   10.9;   91.96;   13.3;    9.0;    8.4;eor
         44;20250425;-999;-999;-999;    1;   0.0;   0;    3.133;   0;  -999;  10.9;    -999;   10.1;   88.29;   14.0;    6.5;    3.0;eor
         44;20250426;-999;-999;-999;    1;   0.0;   4;   12.717;   0;  -999;   8.6;    -999;   12.0;   66.04;   18.9;    3.8;    2.9;eor
         44;20250427;-999;-999;-999;    1;   0.0;   0;   13.583;   0;  -999;   7.1;    -999;   12.3;   52.88;   18.8;    5.4;    0.4;eor
         44;20250428;-999;-999;-999;    1;   0.0;   0;   12.967;   0;  -999;   8.4;    -999;   12.9;   61.54;   21.8;    2.8;   -1.3;eor
         44;20250429;-999;-999;-999;    1;   0.0;   0;   13.167;   0;  -999;  11.2;    -999;   13.6;   74.29;   21.8;    5.6;    2.1;eor
         44;20250430;-999;-999;-999;    1;   0.0;   0;   13.667;   0;  -999;  11.5;    -999;   15.4;   69.96;   23.8;    5.5;    1.3;eor
         44;20250501;-999;-999;-999;    1;   0.0;   0;   12.983;-999;  -999;  12.0;    -999;   18.7;   62.29;   28.2;    9.4;    3.6;eor
         44;20250502;-999;-999;-999;    1;   3.2;   4;    6.633;-999;  -999;  12.2;    -999;   15.3;   72.88;   25.3;    7.2;    3.9;eor
         44;20250503;-999;-999;-999;    1;   0.5;   4;    8.050;-999;  -999;   9.5;    -999;   10.8;   76.17;   17.6;    5.1;    1.3;eor
         44;20250504;-999;-999;-999;    1;   0.0;   0;    2.883;-999;  -999;   8.0;    -999;    9.2;   69.58;   13.3;    3.8;   -0.6;eor
         44;20250505;-999;-999;-999;    1;   0.0;   0;    9.100;-999;  -999;   7.5;    -999;    9.7;   64.83;   16.0;    4.2;   -1.1;eor
         44;20250506;-999;-999;-999;    1;   0.0;   0;    7.900;-999;  -999;   8.4;    -999;    9.1;   74.21;   16.2;    2.4;   -2.0;eor
         44;20250507;-999;-999;-999;    1;   0.0;   0;   10.933;-999;  -999;   8.3;    -999;   11.9;   65.08;   18.6;    4.6;    1.2;eor
         44;20250508;-999;-999;-999;    1;   0.0;   0;    9.083;-999;  -999;   7.0;    -999;   11.8;   54.29;   17.8;    5.7;   -0.4;eor
         44;20250509;-999;-999;-999;    1;   0.0;   0;   13.400;-999;  -999;   8.5;    -999;   12.5;   63.96;   20.6;    4.1;   -1.8;eor
         44;20250510;-999;-999;-999;    1;   0.0;   0;   11.167;-999;  -999;   9.6;    -999;   12.2;   71.58;   20.8;    3.8;   -1.3;eor
         44;20250511;-999;-999;-999;    1;   0.0;   0;   14.300;-999;  -999;  10.2;    -999;   16.4;   58.42;   23.4;    8.2;    2.7;eor
         44;20250512;-999;-999;-999;    1;   0.0;   0;   14.317;-999;  -999;   7.8;    -999;   15.1;   47.17;   20.9;    9.4;    5.4;eor
         44;20250513;-999;-999;-999;    1;   0.0;   0;   14.233;-999;  -999;   8.2;    -999;   14.7;   52.71;   22.4;    6.6;    2.7;eor
         44;20250514;-999;-999;-999;    1;   0.0;   0;   11.467;-999;  -999;  10.0;    -999;   13.5;   68.25;   20.8;    7.6;    2.7;eor
